1 12.1
1 31.3
1 17.3
1 70.6
1 35.4
50.4 2419.6
2 90.9
19.7 920.8
55.6 1732.9
1 30.1
1 49.7
1 26.9
1 49.5
1 9.7
1 3.1
1 8.5
29.8 2419.6
6.3 58.6
22.8 193.5
5.2 98.5
22.1 133.3
3.1 9.7
7.4 63.1
4.1 60.2
209.8 27550
127.4 325.5
579.4 980.4
2 2
1 980.4
5.2 13.4
3.1 12.1
1 75.9
55.7 16160
10.7 1046.2
1 60.5
344.8 51720
6.2 7120
39.5 81640
1 227.9
2 74.3
1 36.7
65.7 4480
21.6 1986.3
17.5 2419.6
3.1 1119.9
2 71.4
4.1 63.8
4.1 71.2
9.6 154.1
4.1 65.2
1 17.2
1 12.1
1 10.9
72.3 161.6
1 13.4
1 28.5
2 15.2
2 27.5
9.7 307.6
135.4 161.6
42.6 59.2
3.1 488.4
1 35
2 4.1
1 1
3.1 110.6