20.6 186 9.81
21.4 208 10.17
18.6 200 9.6
19.9 217 9.96
21.1 220 9.97
22.2 232 8.65
19.1 231 9.29
17.8 252 9.18
19.2 249 9.48
20.6 252 9.54
21.8 253 9.8
21.6 250 9.99
16.8 276 9.05
21.2 268 9.41
17.8 265 9.45
17.8 753 8.69
18.2 336 9.52
16.5 272 9.29
18.6 298 8.65
19.1 291 8.72
22 294 9.16
18.2 289 9.19
18.2 273 9.17
21.5 269 9.29
18.8 250 9.16
20.2 250 8.88
17 263 8.64
23.5 251 9.94
20.6 249 9.48
22.5 249 9.51
22.9 251 9.41
25.8 270 9.17
25.4 259 8.91
24.1 263 8.57
24.4 266 8.64
25.4 259 8.46
25.8 274 8.12
24.2 260 7.94
24.3 257 8.55
24.6 256 8.7
25.5 262 8.83
27.9 245 8.92
27.3 246 8.81
27.6 204 8.08
26.6 205 8.32
26.9 204 9.08
26.9 158 7.82
26 85 7.86
27.7 228 7.69
23.4 298 8.46
23.3 330 8.73
21.4 320 9.08
22.7 260 8.58
21.3 254 8.65
19.7 271 8.72
22.1 170 8.7
18 124 8.68
21.5 179 9.05
18.8 113 8.84
18.5 19.5 7.35
16.7 175 7.38
17.5 154 7.46
13.7 168 7.34
14.1 130 7.03
12 130 7.18
16.5 155 7.35